10 0.410000 0.109375 0.210938
20 0.931000 0.132813 0.449219
30 1.421000 0.140625 0.640625
40 1.958000 0.148438 0.886719
50 2.536000 0.156250 1.046875
60 3.081000 0.171875 1.363281
70 3.791000 0.167969 1.636719
80 4.605000 0.242188 1.636719
90 7.026000 0.195313 1.988281
100 5.473000 0.218750 2.250000
110 5.945000 0.250000 2.230469
120 6.475000 0.246094 2.558594
130 7.165000 0.246094 2.996094
140 8.180000 0.281250 2.960938
150 8.285000 0.246094 3.250000
160 8.925000 0.246094 3.500000
170 9.473000 0.375000 3.722656
180 10.015000 0.371094 4.128906
190 10.165000 0.375000 4.156250
200 11.591000 0.312500 4.519531
210 13.960000 0.312500 4.695313
220 12.601000 0.402344 4.574219
230 13.505000 0.437500 4.929688
240 13.327000 0.371094 4.957031

